0.0129282 0.256079 0.508676 0.164161 0.0710836
0.0253064 0.398607 0.40304 0.00297186 0.195382
0.0100672 0.00868447 0.463634 0.123814 0.403868
0.0015806 0.000975009 0.0955702 0.398898 0.504557
0.0147974 0.343038 0.399552 0.111086 0.146325
0.0191258 0.285284 0.197 0.289583 0.228132
0.00383392 0.265819 0.522131 0.0719087 0.140141
0.00612211 0.687082 0.067714 0.124712 0.120491
0.00286658 0.356119 0.398852 0.0497107 0.195318
0.0225986 0.310811 0.211551 0.0205985 0.457039
0.00404042 0.136025 0.392213 0.443374 0.0283882
0.00360786 0.302637 0.567735 0.049335 0.0802932
0.0179706 0.297591 0.198313 0.16428 0.339816
0.0289405 0.164308 0.234816 0.295981 0.304895
0.0216563 0.231811 0.173636 0.255886 0.338667
0.0189702 0.0411909 0.256598 0.183777 0.518433
0.0179414 0.318572 0.236327 0.21219 0.232911
0.00217403 0.334399 0.0841851 0.331147 0.250269
0.00399538 0.0362053 0.308669 0.59076 0.0643663
0.027569 0.153872 0.330042 0.179069 0.337016
0.0273595 0.312999 0.178442 0.235583 0.272975
0.0241719 0.37885 0.237697 0.346946 0.0365072
0.0292776 0.256544 0.431575 0.115757 0.196124
0.0130737 0.0615079 0.290809 0.321243 0.32644
0.0204471 0.193026 0.244897 0.29468 0.267397
0.0267171 0.177229 0.392958 0.315976 0.113837
0.0269418 0.152631 0.422509 0.191134 0.233726
0.0231026 0.0979085 0.20064 0.376923 0.324528
0.01623 0.316466 0.22847 0.231224 0.223841
0.00112283 0.065365 0.377406 0.31807 0.239159
0.0180011 0.160129 0.18147 0.341918 0.316483
0.0206553 0.751367 0.0073957 0.201903 0.0393347
0.000881194 0.0437028 0.176897 0.419071 0.36033
0.0274375 0.324893 0.213417 0.0595219 0.402168
0.00259117 0.201401 0.380359 0.38745 0.0307892
0.0231431 0.367517 0.150339 0.313035 0.169109
0.00653089 0.161752 0.356462 0.157143 0.324643
0.022794 0.227363 0.131493 0.240523 0.400622
0.00931941 0.175841 0.476972 0.154059 0.193128
0.0110265 0.341051 0.234401 0.174427 0.250122
0.0181399 0.00336296 0.157376 0.382876 0.456385
0.00301542 0.203857 0.385737 0.356419 0.053988
0.029525 0.538507 0.451076 0.00669691 0.00372051
0.0158897 0.103453 0.393014 0.361205 0.142329
0.020819 0.354144 0.14554 0.322388 0.177928
0.0254697 0.225651 0.28159 0.129082 0.363678
0.0236939 0.334558 0.332481 0.191602 0.141359
0.0141818 0.207671 0.216745 0.390718 0.184865
0.0104735 0.0531648 0.592073 0.0617527 0.29301
0.0239114 0.357397 0.193873 0.180547 0.268183
0.001829 0.302474 0.478228 0.00624027 0.213058
0.0257776 0.352849 0.0750956 0.11957 0.452486
0.00278051 0.323392 0.146969 0.297305 0.232334
0.0284018 0.404339 0.0124625 0.355807 0.227391
0.0295835 0.0913404 0.205849 0.258189 0.444622
0.0220245 0.347766 0.27288 0.306611 0.0727429
0.0122797 0.0542213 0.365605 0.358329 0.221846
0.00750476 0.241489 0.736068 0.0188674 0.00357488
0.00144547 0.41031 0.0359762 0.20625 0.347463
0.00274951 0.265034 0.204221 0.394599 0.136146
0.00305035 0.278137 0.13816 0.224467 0.359236
0.0136635 0.256123 0.205621 0.0589426 0.479313
0.0177584 0.17805 0.394111 0.270874 0.156966
0.0291152 0.0356554 0.522336 0.32515 0.116859
