Order of Markov chain: 3.
0.00259848011211595  0.382240460041262   0.341191186498114   0.198017364351557    0.0785509891090669
0.0232038132838671   0.304482034877255   0.385667651577997   0.111761902393767    0.198088411150982
0.00408090059970978  0.22397497996577    0.194161075334224   0.439826229734129    0.142037714965878
0.0162864041145094   0.374247066777381   0.26170857727838    0.164491109428817    0.199553246515422

0.00795694145569211  0.109253064341578   0.271153265613808   0.438760894502697    0.180832775541917
0.000571501711995611 0.152889664599237   0.216384368161015   0.416361306414879    0.214364660824868
0.0260589165820244   0.354133640289264   0.166759935254844   0.189033118399957    0.290073306055935
0.0209323782222922   0.30098201453517    0.211809642740969   0.233139000560259    0.254069342163602

0.0245759927666809   0.0319446928142493  0.097283448937234   0.43791681247721     0.432855045771307
0.010703405103454    0.26639456178897    0.316065307885159   0.23400482919868     0.183535301127192
0.0169229289067358   0.152531778508826   0.305388386819028   0.262837907292418    0.279241927379727
0.00636244916423854  0.179896118588842   0.201999059043105   0.36756764697257     0.250537175395484

0.0292943256568034   0.00404159438558067 0.360525739696929   0.269133685450141    0.366298980467349
0.00815736201607587  0.326343708080704   0.29318771754756    0.168814823910947    0.211653750460789
0.0298689459091298   0.211444859808837   0.289712063454666   0.347033967719568    0.15180910901693
0.026098243231339    0.174230642682755   0.219024859200194   0.198009711530294    0.408734786586757


0.0107868870978076   0.2447717107795     0.287967553837899   0.217811851097142    0.249448884285459
0.0282330107005681   0.0865329148345295  0.278183145565542   0.284762868850089    0.350521070749839
0.00693234786346779  0.498854524899356   0.039490076968182   0.424179815273995    0.0374755828584662
0.00667745490085468  0.0202976415185519  0.441988505649314   0.0860226884255683   0.451691164406565

0.02514782884702     0.167729671249351   0.0476060943232059  0.280001521612132    0.504662712815311
0.0256722793534735   0.189342332886079   0.286714759849721   0.220061190465817    0.303881716798383
0.0127687050601865   0.291295400632621   0.318836734257234   0.326003488585878    0.0638643765242674
0.0090157149071913   0.0941793318760136  0.115496013009211   0.310557443359317    0.479767211755458

0.00556513552823892  0.127449828371877   0.495002310628008   0.0649582556361347   0.31258960536398
0.029018099898495    0.30308252254826    0.12573266775949    0.313773932713756    0.257410876978494
0.0293109667809602   0.419823895742574   0.22211885119021    0.347158319738507    0.0108989333287093
0.00391933672897174  0.137499838179946   0.312592818091629   0.366598033397344    0.18330931033108

0.023271090605257    0.290056129699973   0.100839018398142   0.188035940673862    0.421068911228023
0.0315680785162416   0.398435497807296   0.103292978433948   0.000918561194882548 0.497352962563873
0.00816993825918     0.00682582132978759 0.390777442478685   0.250955364067625    0.351441372123902
0.026178553420683    0.326239197475954   0.206417347190323   0.273708290568577    0.193635164765146


0.00108047846083459  0.26030780441985    0.424413609931261   0.0618380697119058   0.253440515936984
0.0142263066381461   0.129898875325875   0.100440372806463   0.5506274044206      0.219033347447063
0.0114591454531243   0.452892386695193   0.00987337001826479 0.124857238074593    0.41237700521195
0.0113659510770823   0.0740386933419651  0.0246513687253127  0.105790868657447    0.795519069275275

0.0147797240435289   0.234312769094318   0.176452873044293   0.249340920787892    0.339893437073497
0.0142356089501936   0.384096050254053   0.256792756641049   0.0535179453954738   0.305593247709424
0.0188770201538517   0.379102280324457   0.121316820105718   0.367498887178277    0.132082012391547
0.0151308261863909   0.313406091165656   0.282069932768683   0.17653910821194     0.22798486785372

0.0272729381420667   0.227622067955253   0.287852714817602   0.212874296541898    0.271650920685247
0.00334436736050329  0.158949457481587   0.103369221310197   0.270652196231114    0.467029124977102
0.0075043612692582   0.339494244097958   0.514505764718856   0.00220859751921745  0.143791393663968
0.00946276366019017  0.222064585863776   0.443197130377432   0.00355204526715121  0.331186238491641

0.0179819987291192   0.345298722970662   0.237920484093215   0.309061718031158    0.107719074904964
0.0313605445864948   0.251831095804379   0.109404570039325   0.339679509487028    0.299084824669269
0.0211346200366404   0.349336976964082   0.319867097520308   0.276922827343148    0.0538730981724613
0.0114652165030043   0.503010874477505   0.00710650518991748 0.399951785218504    0.0899308351140735


0.0162588156309616   0.126020658472437   0.168637023993627   0.256113560719993    0.449228756813943
0.00804144896244456  0.109338471521973   0.33380112688914    0.172097076250702    0.384763325338185
0.0182956204581024   0.133689272877456   0.344525205409074   0.403955123482662    0.117830398230809
0.0226551479667277   0.238201912533444   0.177282956365066   0.276702721491248    0.307812409610241

0.016664357240794    0.125632396038487   0.0544706831555186  0.444690148538555    0.37520677226744
0.00081016133979671  0.157121406786041   0.271725032145833   0.293971882971981    0.277181678096144
0.00509145336337193  0.50492086018179    0.0526148488812802  0.0815658079452829   0.360898482991647
0.0300989697425729   0.233854911793988   0.347942621294174   0.251464285610753    0.166738181301085

0.0325490346964071   0.571522219598248   0.204490034039214   0.162854085015744    0.0611336613467943
0.00842626116311523  0.330632980911153   0.266674661368436   0.381432614709318    0.0212597430110935
0.0235792038768421   0.399288810706176   0.279716174037404   0.0308049005144937   0.290190114741926
0.0036929587468401   0.262153011895238   0.0702809993333483  0.223285094874476    0.444280893896937

0.00931841980410764  0.135793628604553   0.479287350011481   0.369504248595867    0.0154147727880998
0.0318473244489006   0.358416625978719   0.0207043099806605  0.268666119801266    0.352212944239354
0.00137937274906178  0.37136126050742    0.202879215872506   0.211730646209807    0.214028877410267
0.00470116125426434  0.652406638495584   0.0624202755269713  0.110318543878558    0.174854542098886
